Changed database context to 'adventureworks'.
SalesOrderID ProductID   OrderQty
------------ ----------- --------
       71783         707       10
       71784         707       10
       71784         708       12
       71797         708       12
       71783         711       15
       71783         712       11
       71784         714        9
       71783         715       17
       71797         716        5
       71784         716        5
       71797         717        2
       71783         718        2
       71783         722        6
       71783         738        4
       71936         739        5
       71936         742        7
       71832         743        4
       71936         743        4
       71936         747        4
       71902         748        7
       71936         779        4
       71902         780        5
       71902         781        5
       71902         782        8
       71936         782        8
       71936         783       10
       71936         784        5
       71832         784        5
       71938         792        3
       71797         793        6
       71938         794        7
       71938         795        6
       71938         796        3
       71797         797       10
       71938         798        5
       71938         799        4
       71938         800        3
       71938         801        5
       71936         808        4
       71936         809        5
       71902         810        1
       71780         810        1
       71832         810        1
       71797         813        2
       71797         822        2
       71797         835        5
       71797         836        4
       71783         836        4
       71783         838        4
       71784         858        6
       71797         859        9
       71783         860        9
       71797         864       23
       71784         864       23
       71783         865       10
       71936         867       14
       71936         868        4
       71936         869        8
       71784         870       11
       71797         870       11
       71784         873        8
       71938         874        4
       71923         874        4
       71923         875       14
       71797         876       10
       71797         877       17
       71797         880       10
       71797         881        8
       71797         883       16
       71797         884       15
       71784         885        8
       71782         886        1
       71784         889        4
       71796         891        1
       71796         892        6
       71782         893        1
       71784         893        1
       71796         893        1
       71936         894        5
       71784         895        2
       71784         896        3
       71784         899        2
       71796         900        1
       71784         900        1
       71832         904        5
       71780         905        4
       71776         907        1
       71936         908        3
       71845         909        8
       71936         910        3
       71797         913        2
       71898         916        3
       71832         917        6
       71832         918        4
       71845         920        2
       71936         924        5
       71936         925        6
       71780         926        1
       71832         926        1
       71936         926        1
       71902         926        1
       71902         935        4
       71846         936        2
       71936         936        2
       71936         937        5
       71938         938        5
       71938         939        6
       71783         939        6
       71938         940        5
       71936         944        3
       71936         945        5
       71796         947        1
       71936         948        4
       71898         949        4
       71936         951        6
       71845         952        3
       71936         952        3
       71784         953        3
       71898         954        3
       71796         954        3
       71784         955        2
       71782         956        3
       71784         957       12
       71784         958        6
       71782         959        4
       71898         960        3
       71796         961        7
       71784         962        7
       71784         963        5
       71898         964        3
       71784         965       11
       71784         966        4
       71784         967        6
       71898         967        6
       71898         968        4
       71784         969       10
       71784         970        4
       71898         971        5
       71796         972        8
       71938         973        5
       71797         973        5
       71783         973        5
       71783         974       13
       71938         975        5
       71783         976       25
       71797         977        7
       71898         978        4
       71784         979        8
       71902         980        3
       71902         981        2
       71846         981        2
       71936         981        2
       71780         981        2
       71780         982        3
       71902         983        4
       71902         984        4
       71902         985        5
       71780         986        3
       71780         987        3
       71780         988        6
       71780         989        2
       71832         990        2
       71780         991        3
       71936         992        5
       71780         993        2
       71898         994        3
       71936         994        3
       71936         996        4
       71898         996        4
       71782         996        4
       71938         997        3
       71783         998        7
       71783         999        5

(173 rows affected)
