Changed database context to 'adventureworks'.
SalesOrderID ProductID   OrderQty
------------ ----------- --------
       71782         707        3
       71783         707       10
       71784         707       10
       71797         707        6
       71902         707        2
       71936         707        1
       71938         707        3
       71938         708        5
       71902         708        4
       71797         708       12
       71784         708       12
       71783         708       11
       71782         708        7
       71784         711        2
       71783         711       15
       71782         711        6
       71797         711        4
       71902         711        7
       71863         711        1
       71938         711        3
       71938         712        1
       71897         712        4
       71858         712        3
       71902         712        3
       71797         712        6
       71816         712        4
       71784         712       10
       71783         712       11
       71782         712       10
       71782         714        3
       71784         714        9
       71783         714        6
       71797         714        1
       71899         714        2
       71902         714        3
       71938         714        2
       71938         715        3
       71902         715        3
       71858         715        2
       71845         715        2
       71895         715        2
       71797         715        4
       71784         715        8
       71816         715        2
       71783         715       17
       71782         715        8
       71783         716        4
       71784         716        5
       71797         716        5
       71797         717        2
       71867         717        1
       71797         718        1
       71783         718        2
       71783         722        6
       71797         722        3
       71797         738        1
       71815         738        1
       71783         738        4
       71938         738        3
       71915         738        2
       71936         739        5
       71846         739        1
       71936         742        7
       71845         742        3
       71832         743        4
       71780         743        1
       71936         743        4
       71845         743        2
       71899         743        1
       71936         747        4
       71845         747        3
       71845         748        1
       71832         748        1
       71780         748        2
       71936         748        5
       71902         748        7
       71902         779        3
       71845         779        3
       71936         779        4
       71832         779        1
       71832         780        1
       71845         780        2
       71780         780        4
       71936         780        3
       71902         780        5
       71902         781        5
       71936         781        4
       71845         781        2
       71832         781        2
       71831         782        1
       71832         782        3
       71780         782        4
       71936         782        8
       71902         782        8
       71845         782        2
       71902         783        7
       71936         783       10
       71780         783        5
       71845         783        5
       71845         784        2
       71832         784        5
       71936         784        5
       71902         784        2
       71938         792        3
       71938         793        3
       71797         793        6
       71783         793        3
       71797         794        5
       71938         794        7
       71938         795        6
       71797         795        2
       71938         796        3
       71938         797        5
       71797         797       10
       71783         797        4
       71783         798        1
       71797         798        2
       71938         798        5
       71938         799        4
       71783         799        1
       71938         800        3
       71938         801        5
       71783         801        1
       71797         801        2
       71832         808        1
       71936         808        4
       71899         808        1
       71845         808        1
       71902         809        2
       71936         809        5
       71832         809        1
       71845         809        1
       71780         809        3
       71780         810        1
       71832         810        1
       71902         810        1
       71938         813        1
       71797         813        2
       71783         813        1
       71783         822        1
       71774         822        1
       71797         822        2
       71815         835        2
       71797         835        5
       71783         835        3
       71938         835        2
       71915         836        3
       71783         836        4
       71774         836        1
       71797         836        4
       71797         838        2
       71783         838        4
       71783         858        2
       71784         858        6
       71797         858        4
       71797         859        9
       71784         859        5
       71783         859        7
       71782         859        1
       71938         859        2
       71902         859        2
       71936         860        6
       71783         860        9
       71797         860        4
       71797         864       23
       71784         864       23
       71783         864       15
       71782         864        6
       71920         864        3
       71938         864        4
       71902         864        6
       71895         864        3
       71885         864        3
       71897         864        1
       71938         865        5
       71902         865        6
       71782         865        4
       71783         865       10
       71784         865        8
       71797         865        1
       71832         867       13
       71831         867        6
       71780         867        6
       71936         867       14
       71845         867        2
       71902         867        7
       71936         868        4
       71832         868        1
       71831         869        2
       71845         869        3
       71780         869        7
       71936         869        8
       71902         869        7
       71902         870        7
       71923         870        1
       71938         870        8
       71782         870        6
       71784         870       11
       71783         870       10
       71797         870       11
       71797         873        6
       71784         873        8
       71783         873        6
       71815         874        2
       71938         874        4
       71923         874        4
       71935         874        3
       71863         874        2
       71863         875       11
       71935         875       13
       71923         875       14
       71917         875        7
       71938         875        2
       71797         875        3
       71783         875        1
       71783         876        2
       71784         876        6
       71782         876        3
       71797         876       10
       71938         876        3
       71920         876        1
       71885         876        3
       71902         876        4
       71902         877        5
       71858         877        1
       71938         877        6
       71797         877       17
       71782         877       10
       71784         877        8
       71783         877        8
       71783         880        9
       71780         880        1
       71782         880        9
       71797         880       10
       71784         880        9
       71938         880        7
       71902         880        5
       71902         881        2
       71899         881        2
       71938         881        1
       71784         881        6
       71797         881        8
       71782         881        6
       71783         881        6
       71783         883       11
       71782         883        4
       71797         883       16
       71784         883        7
       71816         883        3
       71938         883        3
       71902         883        5
       71858         883        2
       71885         884        6
       71902         884        5
       71897         884        3
       71938         884        5
       71920         884        7
       71784         884        3
       71797         884       15
       71782         884        4
       71783         884        9
       71784         885        8
       71782         885        2
       71796         885        2
       71782         886        1
       71784         889        4
       71898         889        1
       71796         891        1
       71796         892        6
       71782         892        1
       71782         893        1
       71796         893        1
       71784         893        1
       71782         894        3
       71936         894        5
       71784         895        2
       71784         896        3
       71796         899        1
       71784         899        2
       71796         900        1
       71784         900        1
       71845         904        4
       71832         904        5
       71936         904        2
       71902         904        1
       71902         905        3
       71936         905        2
       71845         905        2
       71780         905        4
       71776         907        1
       71832         908        1
       71936         908        3
       71902         908        2
       71895         909        2
       71845         909        8
       71936         909        6
       71936         910        3
       71845         910        2
       71902         910        1
       71832         910        1
       71797         913        2
       71784         916        2
       71796         916        1
       71782         916        1
       71898         916        3
       71946         916        1
       71936         917        2
       71832         917        6
       71832         918        4
       71780         918        2
       71936         918        1
       71902         918        2
       71832         920        1
       71845         920        2
       71845         924        4
       71936         924        5
       71936         925        6
       71845         925        2
       71902         925        1
       71832         925        2
       71780         925        1
       71780         926        1
       71832         926        1
       71902         926        1
       71936         926        1
       71936         935        3
       71902         935        4
       71832         935        3
       71780         935        2
       71832         936        1
       71902         936        1
       71846         936        2
       71936         936        2
       71936         937        5
       71899         937        1
       71902         937        2
       71832         937        1
       71845         937        2
       71780         937        1
       71783         938        3
       71797         938        3
       71863         938        2
       71935         938        1
       71915         938        4
       71920         938        3
       71938         938        5
       71938         939        6
       71915         939        3
       71797         939        4
       71783         939        6
       71783         940        4
       71797         940        4
       71915         940        1
       71938         940        5
       71936         944        3
       71845         944        2
       71899         944        2
       71832         944        2
       71845         945        1
       71782         945        2
       71898         945        3
       71856         945        1
       71858         945        1
       71936         945        5
       71796         947        1
       71845         948        2
       71816         948        1
       71782         948        1
       71936         948        4
       71858         948        2
       71897         948        1
       71898         948        1
       71898         949        4
       71936         949        3
       71845         949        3
       71845         951        1
       71782         951        2
       71936         951        6
       71898         951        3
       71898         952        1
       71858         952        1
       71845         952        3
       71936         952        3
       71858         953        1
       71898         953        2
       71782         953        1
       71784         953        3
       71816         953        1
       71796         953        2
       71796         954        3
       71816         954        1
       71784         954        2
       71782         954        1
       71898         954        3
       71897         954        2
       71898         955        1
       71782         955        1
       71796         955        1
       71784         955        2
       71782         956        3
       71898         956        1
       71858         957        1
       71782         957        1
       71784         957       12
       71796         957        3
       71796         958        5
       71784         958        6
       71782         958        2
       71858         958        1
       71898         958        1
       71898         959        1
       71782         959        4
       71784         959        1
       71898         960        3
       71858         961        2
       71898         961        2
       71784         961        3
       71782         961        3
       71796         961        7
       71816         961        1
       71784         962        7
       71856         962        1
       71858         962        1
       71784         963        5
       71782         963        1
       71898         964        3
       71898         965        5
       71858         965        2
       71784         965       11
       71796         965        2
       71784         966        4
       71782         966        2
       71858         966        2
       71898         966        3
       71897         966        1
       71898         967        6
       71782         967        2
       71784         967        6
       71796         967        2
       71782         968        2
       71898         968        4
       71898         969        3
       71897         969        3
       71858         969        1
       71784         969       10
       71796         969        9
       71796         970        1
       71784         970        4
       71782         970        1
       71898         970        3
       71898         971        5
       71782         971        4
       71784         972        4
       71796         972        8
       71898         972        5
       71858         972        1
       71863         973        1
       71935         973        3
       71920         973        1
       71938         973        5
       71797         973        5
       71783         973        5
       71783         974       13
       71797         974        3
       71938         974        3
       71938         975        5
       71938         976        5
       71920         976        1
       71935         976        2
       71797         976        9
       71783         976       25
       71783         977        4
       71797         977        7
       71938         977        4
       71898         978        4
       71782         978        1
       71782         979        2
       71784         979        8
       71796         979        3
       71897         979        4
       71858         979        3
       71898         979        3
       71902         980        3
       71832         980        1
       71780         981        2
       71899         981        1
       71902         981        2
       71846         981        2
       71936         981        2
       71902         982        2
       71780         982        3
       71780         983        2
       71832         983        3
       71902         983        4
       71936         984        1
       71846         984        1
       71902         984        4
       71832         984        3
       71780         984        2
       71780         985        1
       71832         985        2
       71902         985        5
       71936         985        4
       71902         986        1
       71780         986        3
       71780         987        3
       71902         987        1
       71936         987        2
       71936         988        5
       71899         988        1
       71902         988        3
       71780         988        6
       71845         988        2
       71780         989        2
       71902         989        1
       71780         990        1
       71832         990        2
       71780         991        3
       71902         991        2
       71902         992        3
       71936         992        5
       71780         992        1
       71832         992        3
       71780         993        2
       71902         993        1
       71898         994        3
       71936         994        3
       71782         994        1
       71782         996        4
       71936         996        4
       71898         996        4
       71845         996        3
       71938         997        3
       71938         998        5
       71935         998        1
       71863         998        2
       71783         998        7
       71797         998        6
       71797         999        4
       71783         999        5
       71863         999        3
       71938         999        4

(542 rows affected)
